********************
2024.07.11-16:55:29
backdoor, Both, [0, 1]
[-0.17447196377953533, -0.1670309469653548, 0.05765617055322281, 0.06714884294256679, -0.045457984552439545, 0.06495829830979194, 0.06575601211081361, 0.048915131268313594, -0.009230124292335828, 0.06616760617959822]
[-0.17780567201804665, -0.1728112633807094, 0.07243241913651194, -0.06762068404131416, 0.1051099040129575, 0.10453217821033417, 0.10100716438648055, -0.006435200795018914, 0.10796513117803291, -0.003498150836489411]
[-0.17613676328603778, -0.1832581274913223, 0.06574600944038095, 0.04485666885318834, -0.017370886329562407, 0.02997568170737358, 0.05819145630734135, 0.07284418139338666, 0.046934922371987875, 0.04072297579408318]
[-0.16211593185051176, -0.1576423228416307, 0.14245004760760743, -0.08545593538982377, 0.10152208939499402, 0.12114366872436044, 0.1348722358230977, -0.09634156933245352, 0.015596903464152878, 0.13693999249063754]
[-0.18283715512038523, -0.17074113687878567, 0.04039093971140578, -0.07141899275722252, -0.02010746922899409, 0.12700858726360725, 0.11058830877223069, 0.12541999983245233, 0.11279673206722746, 0.04262636181118795]
[-0.1670309469653548, -0.17572017856517508, 0.1318948002693867, 0.12145848258734537, 0.12390976412410537, -0.07655769931734913, 0.12890501254686343, 0.0010924471547635872, -0.05331741187099648, 0.07480133931878069]
[-0.17156842204854728, -0.18283715512038523, -0.026388531999921305, 0.010730609784135203, 0.11675345801056775, 0.045660444842545334, -0.04414400256392703, 0.1198047090684104, 0.09429131579830907, 0.10588355498544572]
[-0.18199598833343278, -0.19643779577552722, 0.11210870005235235, 0.10796623828300483, 0.09703546696850568, 0.00571611581393261, 0.09620604254724147, -0.09863852732698741, 0.11052630491019533, 0.06398970290858441]
[-0.17488777897001473, -0.17364110182305326, 0.0008578373650581228, 0.07304979663725586, 0.078274339614951, -0.023140055841699536, 0.07300734558499505, 0.077285431389151, -0.016120675910204718, 0.05300218164008619]
[-0.16744217473339107, -0.17488777897001473, 0.06094445441664281, -0.011884899306734864, 0.0453859062184549, -0.0459259695499844, 0.09856279317421462, 0.08961277504092202, 0.08685082131605582, 0.04703506646378586]
[-0.1703278765379046, -0.179897601985736, 0.12010750639623846, 0.12010750639623846, -0.06712596132244752, 0.07461827589685172, 0.05451178101619625, 0.0635657828282738, 0.07045299691722073, -0.02419578579498627]
[-0.17738805904089605, -0.1807361806447052, 0.07165209760515123, 0.06361345746332991, -0.12387191022026323, 0.09721106537109347, 0.053464341492949985, 0.11965087231855182, 0.035403388281477655, 0.11965087231855182]
[-0.18241644212102393, -0.18578941748155064, 0.04429098484288324, 0.11667935483600933, 0.06474088741464828, -0.021292087883978073, 0.09764982617933632, -0.0190479718754738, 0.11550506089912743, -0.03660085451313866]
[-0.18115585775483278, -0.1815757935979052, -0.13368658895633956, 0.12097109498484576, 0.021611743531202987, 0.0714662675968264, 0.11436015396636473, 0.11032068381071758, 0.06606328469848999, 0.0726750653477975]
[-0.1703278765379046, -0.179897601985736, -0.030929666523494714, 0.06887929849767216, 0.08781784742169207, 0.12508808719761022, -0.07043632519659271, 0.10057752741611098, 0.12900258118247332, 0.029110545516943254]
[-0.17572017856517508, -0.18452260243311835, 0.05261021968659069, -0.06795768662799895, 0.08901688111139494, 0.041863298822693296, 0.04391112614674614, 0.04662155494645859, 0.0571338243894432, 0.08076214749324562]
[-0.19557987476377225, -0.1765536048333728, -0.1334916373755115, 0.14931805712718815, 0.13249641456120753, 0.15478686257572954, 0.0200314072645002, 0.04290699570589224, 0.15269883460387573, 0.07947499012068165]
[-0.1985872305704246, -0.1732260547414528, -0.027733382215796354, 0.04584322180425521, 0.09626199312995554, -0.0019273611253645129, 0.09621163235273439, 0.10538235078656905, 0.07419618606794648, 0.05557063800782741]
[-0.16867737980610198, -0.1645688956181257, 0.11137191424178661, 0.05173924820633541, -0.0302183542733786, 0.10185255316469033, 0.0788831043662937, 0.11541004650992298, 0.033814038211253394, -0.064687630925237]
********************
2024.07.11-17:05:51
backdoor, Both, [0, 1]
[-0.16826539099741777, -0.16785365602531255, -0.02188191058270539, 0.1206599710839758, 0.06457756450882512, 0.08368417521853155, 0.11568828238837991, 0.09916135882678373, 0.10839075902350348, -0.13103927827584982]
[-0.18241644212102393, -0.17780567201804665, 0.015448902019027044, 0.056242580228363315, 0.00997290864888628, 0.04433980547116506, 0.03664006259753849, 0.06286172597136153, 0.05191065766808134, 0.04142460877242016]
[-0.1807361806447052, -0.18410085098763707, 0.08022184976832497, 0.0759610412995968, 0.07179900729132782, 0.03506047997878964, 0.09336698341965938, -0.021653725081511976, -0.03410828438354807, 0.06890488762937153]
[-0.17115465199664281, -0.1728112633807094, 0.07690917589331203, 0.058450119783123755, 0.05578751045794583, 0.08218119096489501, -0.08356226785664023, -0.04938656125792806, 0.11900242934504524, 0.12104062141775424]
[-0.16908962260785654, -0.16908962260785654, 0.0950170923913482, 0.08840394174027832, 0.020112861128063264, 0.08322103497957734, -0.020196298699145743, -0.04605593916869488, 0.07220799971232578, 0.010190197809657686]
[-0.16950211955926942, -0.1807361806447052, 0.10085032687753454, 0.05592665821437448, 0.009874623043121478, 0.02487222239454795, -0.029877988057524618, 0.0370029968485579, 0.07580596694553388, 0.08654679901769924]
[-0.18875444401786934, -0.1703278765379046, 0.03126785528759829, 0.07513615861300021, 0.058276534810733305, 0.08104269205920411, 0.05925397375250996, 0.08536157523639265, -0.041334254528577086, 0.061747075805088036]
[-0.165388568009457, -0.16908962260785654, -0.018463028031818318, 0.12187917985868546, 0.05158000945536689, -0.007633881266461695, -0.06637555152058605, 0.12099431125553783, 0.06239123171898758, 0.10215733232607699]
[-0.18241644212102393, -0.17364110182305326, 0.061938645323330044, 0.10068703722014333, 0.060695908222572925, 0.08170502841832805, 0.060966574428559905, 0.06443330296413696, -0.11809753105640397, 0.07668144817674516]
[-0.18115585775483278, -0.17613676328603778, -0.06771155218916036, 0.029976404488048336, 0.1030958222948018, 0.0909925174057622, 0.10784689273063014, 0.11014817873848237, -0.02089133225309925, 0.07352877681188547]
[-0.20117531081842233, -0.179897601985736, 0.07818212568397709, 0.09815490349710027, 0.038299012341687866, 0.04821842170047497, 0.06917615009608358, 0.038786191869672415, 0.01358700046735628, 0.013784136106594014]
[-0.17405640478316398, -0.1836793593937387, 0.09717124105239855, 0.02845207260747279, 0.0022503357805947477, 0.028742605044655423, 0.026637796390443225, 0.005967904472762853, 0.05786497676414726, 0.09170570602896644]
[-0.1807361806447052, -0.17613676328603778, 0.09682166098681011, 0.07580442384095532, 0.09389584445804394, -0.02905792853742839, -0.012433839394996649, 0.07954821045807758, 0.0545483603469441, 0.006420926162461982]
[-0.19002909074429608, -0.16497860551973476, -0.03704614049259425, 0.013399995286923094, 0.11152640781434792, 0.10602147949323215, 0.0859947341842423, 0.051966906683347525, 0.0463640776413371, 0.058478863946825166]
[-0.20333936713405898, -0.17115465199664281, -0.056182402668886855, 0.09920166866542435, 0.03916068628087466, 0.09820730871114591, 0.08429141311441951, 0.0972623975405395, 0.10325888522581556, 0.028405871337171817]
[-0.17822354245559435, -0.18199598833343278, -0.10339593624411503, 0.019485886456133306, 0.09578587684540668, 0.05854356885059131, 0.10889556569157105, 0.07775775936608237, 0.05986639384739523, 0.10225128082472418]
[-0.16744217473339107, -0.1732260547414528, 0.07426541461163644, 0.08672965440907343, -0.05935284485057646, 0.03426427863897746, 0.033089247357475815, 0.10276574512081726, -0.010071777642695179, 0.11216253477115867]
[-0.17613676328603778, -0.17115465199664281, 0.09368351812208286, 0.09948667001314909, 0.08032375456844432, 0.015983407413205253, -0.014299932889798361, -0.004578811442935704, 0.08850537890633842, -0.025035198478453147]
[-0.16785365602531255, -0.1732260547414528, -0.004290664264471666, -0.02716583487379942, 0.0059477121171088165, 0.09753212932514882, 0.10471737533070313, 0.10641169461003164, -0.03886425614508349, 0.10832062631915768]
[-0.1719824471916671, -0.16744217473339107, 0.04647624530552763, 0.09038835767829007, 0.05880897377711963, -0.04816423501964673, 0.03642822099761278, 0.06791063910783257, 0.05231048019432444, 0.01146936088886602]
[-0.2133803707618469, -0.1728112633807094, 0.09558707420669865, 0.10087724374324702, 0.09838118384810862, 0.03822849551112423, -0.07508604781947814, 0.10005662689841133, 0.094538458265641, 0.08821422488682279]
[-0.1815757935979052, -0.1732260547414528, 0.09360106221876863, 0.03552021574059894, -0.014903310190885533, 0.09860714105378371, 0.09128086089868565, 0.04066308413679781, -0.04701782791612441, 0.09769890323588531]
[-0.1794787001183653, -0.17074113687878567, 0.07430981470878978, 0.09364725342804914, 0.08495559843007044, -0.00037464169528522717, 0.0824558176576139, -0.0730496648804696, 0.089267566287627, 0.041957263083996554]
[-0.1769707033655148, -0.18536688551972713, -0.02464143617142267, 0.0949599642102637, 0.09690976851692462, 0.05761857596155373, 0.042500294581420794, 0.031943416660346724, 0.016611503233927738, 0.0353922898980612]
[-0.16867737980610198, -0.16908962260785654, 0.02985152414490766, 0.02594201784801392, 0.08850105381653944, 0.01711513651064439, 0.06149032958304129, -0.017455363141170688, 0.06484431564734111, 0.018462735003429986]
[-0.17156842204854728, -0.179897601985736, 0.09096059158035935, 0.034588709695395736, 0.03601429182249616, 0.04980678827650581, 0.08933647744963219, 0.053586172915066566, 0.06911627387430258, -0.05833935102983023]
[-0.16744217473339107, -0.2182331375965746, 0.10760663652830244, 0.09948723814872151, 0.08243905536397844, 0.07321726509309967, 0.00905783766036028, -0.000556018025935856, 0.03342090066966469, 0.08715898715239234]
[-0.1719824471916671, -0.20768753733537992, 0.082175333414445, 0.05280702605654858, -0.007068831832753086, 0.01928368878452663, 0.09402437658547685, 0.054343991029500494, 0.09212719189668195, 0.08070431780255405]
[-0.19173228991555025, -0.17738805904089605, 0.13726769252019827, -0.0880524757993233, 0.13439315618416908, 0.11484243119915005, 0.024632838126706302, 0.10090310225134919, 0.02382940420604579, 0.05845058685461202]
[-0.19988007439060473, -0.1703278765379046, 0.09203857721254183, 0.1475068627808222, 0.1476918337053108, 0.13147742544154578, -0.05168857475139821, 0.1037917099392695, -0.05767341335570142, 0.07571635652220754]
[-0.17115465199664281, -0.21911899890803366, 0.022749056985774896, 0.12441159402396318, 0.12319605799742667, 0.12587003860845308, 0.11110564726567695, 0.09706068947363738, -0.06851045601610262, 0.05453065721321959]
[-0.21602325566738767, -0.1629325787817434, 0.07194609893067372, 0.09278357030487183, 0.08135064905789186, 0.10493517181444978, -0.025040118203434103, 0.08640314756784212, 0.03130167179532911, 0.07973578697727823]
********************
2024.07.11-17:46:53
grad, Both, [0, 1]
[-0.1765536048333728, -0.17738805904089605, -0.02971046310577241, 0.0447060717313551, 0.08009479586256912, 0.06574848220586632, 0.05943823946344701, 0.007409062212266004, 0.0847009216604252, 0.02291758526787685]
[-0.18663526304471678, -0.17906005634688138, 0.10065542317469967, -0.008788319289222524, -0.027646756958691565, 0.053895406380597644, 0.08445969136748743, 0.06807986759819767, 0.10935768138274388, 0.025535690141348988]
[-0.18917906442570354, -0.17530385051254727, 0.09050854195453045, 0.019510359051173654, 0.09854377109409046, 0.09085042861150655, -0.07409072729258781, 0.05787179114906671, 0.09349033281533453, 0.06462087803349187]
[-0.1832581274913223, -0.19215874617961826, 0.009621743526439741, 0.0021260498508522963, 0.03317210046130775, 0.08670872848459327, 0.071850240773635, 0.09231404176115549, 0.051772319635694175, 0.041027555932961535]
[-0.14958578429044211, -0.14958578429044211, 0.006533425538730653, 0.11512852027415804, 0.12064940489488446, 0.10603895324179857, -0.03152269353799819, 0.12237712265613399, -0.13807879256138833, 0.1077897440713656]
[-0.1732260547414528, -0.18790598789867707, 0.027633914525677095, 0.020931243235307317, 0.12482620875708961, -0.07487812249379289, 0.12001009921754985, 0.053495697578070434, 0.11357750003803185, 0.05605789563337332]
[-0.18663526304471678, -0.17738805904089605, 0.059321313648869944, 0.06743224717104701, 0.020205025714717995, -0.04602082555281439, 0.04801640882077629, 0.08756718754381643, 0.06007348286828701, 0.08700571204891316]
[-0.17156842204854728, -0.17074113687878567, 0.08721963780305697, 0.05254737085254568, -0.08670089446281448, 0.04668166643451277, 0.05208511077112443, 0.06083263790292154, 0.04145905819378998, 0.0676066450117302]
[-0.16579878324301434, -0.17822354245559435, 0.12384998795871449, -0.16415943814900413, 0.11030912297613765, 0.08576941862835863, 0.04633238077857399, 0.08054807239453127, 0.11054934052120424, 0.08046068031938336]
[-0.18410085098763707, -0.17613676328603778, 0.009322657125679368, 0.08247422797342135, 0.0322675572536264, 0.008503278172547979, 0.08282295029279257, 0.07098345423416608, 0.072201687548407, -0.022607553993011176]
[-0.18536688551972713, -0.179897601985736, 0.003352711797673935, 0.06626897993810277, 0.04305530908899807, 0.0781861665235053, 0.05934925573049116, -0.042643863317990194, 0.07927854588207978, 0.052359206678280534]
[-0.20204013318304181, -0.1703278765379046, 0.11034886686556206, 0.12308803544799607, 0.08083593914625498, 0.10475496127942113, 0.026241498489209036, -0.11304088276759483, 0.1228178321527783, 0.1022023975180214]
[-0.15642750212578882, -0.15683219281938388, 0.10810149044061929, 0.13276894814363555, 0.1270861970813688, 0.032698471996505385, 0.13646688040270183, -0.13421629368772492, 0.0891031147062169, -0.037755493445091104]
[-0.15723713300672648, -0.16744217473339107, -0.12254080863016759, 0.1299850570292963, 0.13563042565399397, 0.007054207380207678, 0.09518212324931541, 0.11168221450543847, 0.12951213567426106, -0.006606318798508037]
[-0.17156842204854728, -0.17405640478316398, 0.0224665332382179, -0.0055519021851383465, 0.039417267626801866, 0.05047733302764895, 0.039939506083226384, 0.03560729993226408, 0.06315825402659636, 0.05657317907990522]
[-0.16007871307539434, -0.17239672758326718, 0.10210545701927187, 0.08985560930673264, 0.058892910884041305, -0.03304229990584373, 0.1034599447515323, 0.09295353618125374, 0.04683561014115961, -0.05908130609677076]
[-0.16908962260785654, -0.1629325787817434, 0.10493053643482209, 0.10300764501012838, 0.05855062983204129, 0.09396338939414234, 0.11129632831709341, -0.10340965046761408, 0.0999537239887649, -0.04277185345318013]
[-0.19173228991555025, -0.16211593185051176, -0.08815880636629392, 0.0006780074199242425, 0.08570407648889061, 0.11067247007453085, 0.0515825790747419, 0.12395800432388682, 0.08752236111873762, 0.1266451434683688]
[-0.1977266617338601, -0.16826539099741777, 0.06907315923002277, 0.1074503405140419, 0.044958386965629926, 0.11497841329039821, 0.07736617875647739, 0.12646124859710162, 0.08857518777722806, -0.11155119596803609]
[-0.19686715300645596, -0.16170798571353762, 0.07373275549903285, 0.06001470941177578, 0.12042151427096476, 0.04319067244961, 0.13101132903420998, -0.06008222932666851, -0.0019150638181226753, 0.1197486357178551]
[-0.2151412079099735, -0.1555350734230755, 0.08363531656791173, 0.06055434632156753, 0.05127967672148581, 0.07453073792459253, 0.06232805974871691, 0.021155489970111907, 0.059984988416965146, 0.04248115591357371]
[-0.15078794334824663, -0.22758936627477167, -0.11195725539086909, 0.11527985622258724, 0.06727069781779277, 0.11430040526476726, 0.13555910951995676, 0.05429468575877794, 0.13389484468171192, 0.11867548831815278]
[-0.17488777897001473, -0.16375023295684, 0.0034261182272399826, 0.07173408829584732, -0.01794705874793001, 0.020797609741440126, 0.09081436920488223, -0.013988405802254356, 0.09054175544574106, 0.09602837040775564]
[-0.21162386918748943, -0.1527964877696112, -0.05254338066584263, 0.09475766860792578, 0.10931624019707425, 0.06509613694429772, 0.04809339677685692, 0.032131034011424975, 0.10462956108372462, 0.09947883108956362]
[-0.15926558173646566, -0.16950211955926942, 0.07054567406917717, -0.037026624395233076, -0.03299973868493089, 0.0580757671710066, 0.021077599599191366, 0.05476224905449095, 0.08557295462143394, 0.05943549331712483]
********************
2024.07.11-17:53:17
grad, Both, [0, 1]
[-0.17239672758326718, -0.1807361806447052, 0.014655287298642128, 0.09453476631462965, 0.09494231395581676, 0.03741265975842689, -0.08718034655949802, 0.09766062574187351, 0.09957034093157463, 0.08072881071408011]
[-0.1862122099363488, -0.17780567201804665, 0.07456927579199313, -0.08621029148565629, 0.06506378867777513, 0.04685062280463004, 0.11139622327526655, 0.03212107138606052, 0.10859736472311182, 0.04443246801548123]
[-0.1849446138903822, -0.1703278765379046, 0.10132977139116789, 0.012870378946614525, 0.04698434077211888, 0.10787461511029128, 0.03326294595517604, -0.06209939497040984, 0.09639351057663964, 0.09353766040580941]
[-0.17405640478316398, -0.18790598789867707, 0.04502645607639871, 0.050560656958841155, -0.05052397289527277, 0.09205898721211003, 0.08835619271982686, 0.09155341837503378, -0.02218080057768501, 0.09346429753507257]
[-0.17738805904089605, -0.17822354245559435, 0.04061776414128776, 0.10585754239243184, 0.10129913514585998, -0.030290377170068328, 0.045686736943264195, 0.11791589546110104, 0.1183603761579135, -0.07294489042284091]
[-0.1807361806447052, -0.16744217473339107, 0.08403184947096176, 0.1074040234359932, 0.07549130741209154, 0.10462718256479336, 0.07378369307352373, 0.0005193340414328396, -0.0966193596677285, 0.07413424073040265]
[-0.18115585775483278, -0.16579878324301434, 0.03755711896642239, 0.12208815320573563, 0.13726605753046872, 0.05602361136405304, -0.08080322069474466, -0.017156906369229064, 0.13347909841058914, 0.09615614123205074]
[-0.2055101024352003, -0.17405640478316398, 0.10901257614611759, 0.04161210753908762, 0.10896259733695352, 0.05094811937560717, 0.06636995426105052, 0.018810175313981325, -0.013462751971077047, 0.06351342186060466]
[-0.17530385051254727, -0.17115465199664281, -0.057664252887211664, 0.10008056664756299, -0.11368477647926856, 0.12816637966536404, 0.05105732348498515, 0.13444410693752518, 0.13055686554791923, 0.11975943459092797]
[-0.17780567201804665, -0.18031676210811087, 0.02700261800230841, -0.009116837266685884, 0.07234102381153429, 0.07108116759372157, 0.09545555398450378, 0.08020421769079383, 0.07299774931873698, -0.04969273308896127]
[-0.19686715300645596, -0.1728112633807094, 0.09767767697305085, 0.09303393730784976, -0.011717937479636675, 0.015009837325875908, 0.006742911001078711, 0.08832373192163973, 0.03171389119309592, 0.09095059586803572]
[-0.17156842204854728, -0.1728112633807094, 2.3458936968479005e-05, 0.0880475035206072, -0.007822322841760765, 0.10843521448270321, 0.11069342153551848, 0.013093789914504661, -0.037925346687396555, 0.07806881919364383]
[-0.17572017856517508, -0.17488777897001473, 0.08774499481990583, 0.09123775957217362, 0.05705135851203513, 0.017102803742014727, 0.10485230968501791, 0.04510620305170798, -0.10461188979299152, 0.10260748556550414]
[-0.19515131065707003, -0.1769707033655148, 0.014471963407315325, 0.11940275133559469, 0.0711757235731576, 0.10883373024535503, 0.06846669627440322, 0.10769544907125078, 0.1205700840350073, -0.09476322771626644]
[-0.1670309469653548, -0.17074113687878567, 0.08012201680983733, -0.049116201965577644, -0.005396956969607958, 0.08029987348536399, 0.09016881630876467, 0.09488061265534697, 0.038453256176182726, 0.013728144912143525]
[-0.18283715512038523, -0.17364110182305326, 0.07451688432472464, 0.07321470493915067, -0.07973274872359681, 0.1300921841898408, 0.15029680919493765, 0.14940158404535286, -0.07809264996638665, 0.1338226153095175]
[-0.1794787001183653, -0.17074113687878567, 0.07065743770028343, 0.09503578814999808, 0.04887065063497559, 0.03402689831113037, -0.06327312455010792, 0.08699983725950505, 0.11074808519398582, -0.04628004454590606]
[-0.2240108027354879, -0.13026191975315116, 0.08112248253406218, 0.07203023411300835, 0.08533457418240809, -0.02491880453019657, 0.11534504748965607, -0.013129737239812811, 0.10281173398903476, 0.12261927519334054]
[-0.1728112633807094, -0.18115585775483278, -0.04698331680025236, 0.11868580525769779, 0.12390992979092874, 0.11464255776807425, 0.12199567297952368, -0.0694390034706791, 0.06455454252874337, 0.04441202047620463]
[-0.16089284732209308, -0.20464100551864006, 0.051192334750083446, 0.09603787703876665, 0.023330745455826918, 0.09238430327979191, 0.07926780141905976, 0.08028061777495066, 0.05552899118947707, -0.017756145695484782]
********************
2024.07.11-17:56:47
grad, Both, [0, 1]
[-0.19002909074429608, -0.1670309469653548, 0.11904888980047096, -0.03013615377382639, 0.11895306858874272, 0.01683652504190064, 0.07585303269267052, 0.09863577322274075, -0.017549100658499017, 0.07699293828296494]
[-0.1728112633807094, -0.18199598833343278, -0.04590942009433385, 0.05468299900764961, 0.07128018602590058, 0.0912798237331861, 0.08390149864417157, 0.09402994146407184, 0.07677158046960464, -0.030436622808970526]
[-0.17447196377953533, -0.18115585775483278, -0.03235120210640752, 0.08230418969346798, -0.02728546305532209, 0.08607427799251655, 0.03897143011783988, 0.05099813006779946, 0.0860388837018074, 0.08507014256081624]
[-0.17074113687878567, -0.17864167051226476, 0.09438111698412777, 0.07940968462169484, 0.007576722230000332, 0.016503331475113736, 0.05152736505265848, 0.0990303129331293, 0.10903369968491405, -0.05900060432147913]
[-0.18536688551972713, -0.16211593185051176, 0.10105558485616684, 0.15502483608710854, -0.043280004612592626, 0.1517828341131599, 0.1469335543711764, 0.11841638463619308, -0.14910258535449938, 0.11978432227035674]
[-0.1719824471916671, -0.17530385051254727, 0.06623507270123974, -0.004656846485399102, 0.01996161686826059, 0.07757390269700037, 0.06417274266077533, -0.0055907921069895394, 0.03334618880868628, 0.03450538359953631]
[-0.18790598789867707, -0.18241644212102393, -0.08134190745716918, 0.10479070989065353, 0.05928856152585771, 0.09250987801855426, 0.04575979443897066, 0.04370133690626471, 0.02012233476138786, 0.11219362596127769]
[-0.18031676210811087, -0.16867737980610198, 0.025659521497659377, 0.09665331197713645, 0.026535740408202058, 0.10054662195552538, 0.05495886727473165, -0.09237157586392564, 0.09839427726796046, 0.08986306040674452]
[-0.19643779577552722, -0.1765536048333728, 0.060027243301206956, 0.08475616171613037, 0.08179968448625313, 0.055673766048710605, 0.03019071349812097, -0.018561661526197204, 0.06430667115218269, 0.06517297951191103]
[-0.18536688551972713, -0.17738805904089605, 0.11873285794912197, 0.0260208526433659, 0.09173714981520242, 0.11925119963935549, 0.04323183849406309, 0.04633725201164468, -0.09558228309431627, 0.05035486469148337]
[-0.18283715512038523, -0.2007432992240319, 0.059189844003827985, -0.017068310672121, 0.0023737662958076555, 0.07374118945949398, 0.06798293713578263, 0.09859156205664077, 0.0968157222943758, 0.07819482898715713]
[-0.18031676210811087, -0.17447196377953533, 0.009395364890396163, 0.026236870825696423, 0.06004811464382476, 0.04691295038091303, 0.10086142359253786, -0.04447069449960539, 0.07461496402184276, 0.08370045340843146]
[-0.17530385051254727, -0.16744217473339107, -0.09775886594812955, 0.11165337126913583, 0.0691130467285957, 0.07807785636627579, -0.058697869170182826, 0.12053734069899968, 0.1251916563471443, 0.12797511276985324]
[-0.17239672758326718, -0.1815757935979052, -0.09724778417479851, 0.045707580602154185, 0.11155208942941675, 0.09498308638659164, 0.11075857965199148, 0.10195452688972617, 0.0641461953514112, 0.010033857943771207]
[-0.16620925137622455, -0.19686715300645596, 0.11060421971055356, 0.02300457245170595, -0.12882504658195193, 0.1270976285246717, 0.07765089380982593, 0.12357991970744492, 0.0954163468181835, 0.1178287843587113]
[-0.1794787001183653, -0.1703278765379046, 0.015423393848604638, 0.05710043121061281, 0.10505847213224384, 0.08007704522283793, 0.053061304413870136, 0.05278576457112216, -0.07722683482700976, 0.09590334226460762]
[-0.20377297921672832, -0.1728112633807094, 0.04859137124449503, 0.10406965717857264, 0.09796965728146267, 0.1142267166216619, 0.03540287358653793, 0.047717801650424885, 0.11380027466161086, -0.06992597951997048]
[-0.18283715512038523, -0.15885939177127673, 0.00873633889046721, 0.050921580330192284, 0.06628781659558947, 0.03580855266521077, 0.0907486730658959, -0.03809566839950462, 0.06192386193275623, 0.08643826146154898]
[-0.1832581274913223, -0.15804776247800545, 0.12675335719001796, 0.110324378268503, 0.12632716386959653, 0.09360180839920507, 0.09227739214357111, -0.0745134462627054, 0.07365568149490848, -0.05550481970934873]
[-0.16130029092235154, -0.16211593185051176, 0.12383736055569139, 0.12159482838773034, 0.057448804665292064, 0.0968729310959176, 0.04829699518774111, -0.0867758907676871, 0.09416542445215881, -0.048247042907726634]
[-0.13026191975315116, -0.15239428357453677, 0.1025990534387261, 0.10946459813947756, 0.11897417249158304, -0.19215874617961826, 0.01769606122634937, 0.08083889319611481, 0.10797035367709346, 0.10628752186428098]
[-0.18790598789867707, -0.1670309469653548, 0.11134350515304248, -0.11120340344475088, 0.08084265301969512, 0.10720897322832096, 0.10008849338635323, 0.07379745207702787, 0.0644756088728789, 0.020205485084858976]
[-0.2042068586233199, -0.14360821714912608, 0.1157349864537684, 0.12322990155019808, 0.128226146292431, 0.07348276142954191, 0.13412034668876088, 0.07958169942793158, 0.023788565230006498, -0.11412045135893856]
[-0.16620925137622455, -0.165388568009457, 0.085036562220001, 0.01656669032875424, 0.04843905861062603, 0.10707925495401355, -0.003161537721723895, 0.10733563345097097, -0.09482695546245279, 0.07543827636727629]
[-0.11654354142422008, -0.1337675913087607, 0.03176573629542068, 0.021924486653157382, 0.1072789549283042, -0.08525630601177492, 0.08391423433276812, -0.06924772833343118, 0.018366635737407655, 0.10366776114931364]
[-0.19002909074429608, -0.13729276227036413, -0.16130029092235154, 0.13560360835736507, 0.1538411029811515, 0.08536779156665042, 0.1222210429102007, 0.14771227861829656, -0.006688410060157857, 0.15200463631193728]
[-0.1590970699632458, -0.09745276053582641, 0.08027978205751929, 0.1283640687446299, -0.1934396930942237, 0.1327256832241825, 0.05775680569317371, 0.04104103851269625, 0.13440927687283366, 0.11090776277282904]
[-0.17447196377953533, -0.17115465199664281, -0.1407669755426515, 0.10815728790345852, 0.0461206701146733, 0.04046218668256241, 0.09130210291447288, 0.1142098709167707, 0.05484473818284685, 0.073454125247287]
[-0.23344229549359996, -0.16130029092235154, 0.12119458862313487, 0.05581950370599936, 0.07639879669506672, 0.13335354104365804, 0.13591214080826597, 0.12727113227964615, -0.007832338862187482, -0.00750636653592851]
[-0.13572360535753925, -0.15159061845581046, -0.04619663255920892, 0.10070004137746491, -0.15481123121591756, 0.11969742565255292, 0.05110438076342283, 0.11533713272530888, 0.12268408530064001, 0.11546151530362886]
[-0.21206258870528483, -0.15602306077222183, 0.13262098843421777, 0.09731136680334784, 0.032796951939460806, 0.03308480738813757, 0.14514692840360083, 0.09037056159137974, -0.10310829180891923, 0.14586058431910914]
[-0.19215874617961826, -0.05400992405558591, 0.12915361646710288, 0.11965775094861197, 0.052069248521222966, 0.15822548124037594, -0.22398445478162687, 0.1537236168367122, 0.14783273432589694, 0.10091451364102588]
********************
2024.07.11-19:43:17
grad, Both, []
[-0.07460810711560384, -0.0009303035564891537, 0.09328091735135535, 0.09617221426095263, -0.17364110182305326, 0.07931392410896815, 0.04708797375931384, -0.02762569300979545, -0.039127553395298054, 0.08982388246920164]
[-0.12901727162261845, -0.13539742601521765, 0.05006937876851841, 0.10348990983162565, 0.12482653035767494, 0.02964110278505705, -0.06775287437465327, -0.057099965777441586, 0.05349352668734053, 0.12824493533917097]
[-0.11839112515155437, 0.10344502792412757, -0.03548895438807398, 0.013587295766808283, 0.11312526044397947, 0.09091636771911554, 0.06497773013021585, 0.03448600425793685, 0.058295969153328075, -0.17805018492724045]
[0.07366536104809251, -0.04456977627439629, -0.021235177904202263, -0.15593921393010846, -0.027963842992776322, 0.052590336270672944, 0.012799395578290906, 0.0695800638037336, 0.05449794176645162, -0.012771377057023137]
[-0.19828448552440336, 0.09370124368098642, 0.01981396818908049, 0.08934094087522781, 0.035904220252291896, 0.08364082005398366, -0.021959440630829774, 0.07881516593114979, -0.11030527877670193, 0.10046616074685472]
[-0.11534964044045393, 0.04723578275154455, -0.005353448919158121, -0.03232141347863349, 0.000768917352359344, 0.04801437655995616, 0.06144186994954581, 0.06677488067352322, -0.0619253236538464, -0.050644854759224534]
[0.029594807332112172, 0.09656166496526286, 0.06671609692740299, -0.0891946235794735, 0.08354675725491273, -0.21858407720332274, 0.03345505578108121, 0.10128198214409068, 0.005769944794847159, 0.02919047060808544]
[-0.001261336013491654, 0.08158777511645249, -0.059475493971324345, -0.0885654534083633, 0.08335473115257885, 0.056251146159771614, 0.002961602613458292, -0.13036222102809902, 0.005710959626437584, 0.02654493289526]
[0.04334029398672279, -0.03713996049073909, -0.027430106741736404, -0.030411793573703938, -0.008646411788381214, -0.06237690311674782, 0.04249517450413154, -0.07526130256464447, 0.045436628356138486, 0.0390482698523803]
[-0.025965850610908614, -0.18318289081053307, 0.044006757153317866, 0.06963300144903584, -0.13996630731619197, 0.036166164448378835, 0.11324471652402085, 0.055015106068582065, 0.11252896599741063, 0.06170564587442984]
[0.06837604671764352, 0.052810883265398234, 0.040457516140956995, -0.04018027591622164, -0.2620105824037321, 0.04202250577602107, 0.015286356321532024, 0.050739758153565406, 0.08156179608383807, 0.0608265709479911]
[0.062374026976870445, -0.001968760661545388, 0.08278995889080504, -0.17163896655229194, -0.013786007282038049, -0.12748813751387877, 0.031762167474378544, 0.08509381623529638, 0.07224173206493895, 0.08569403523029845]
[-0.09081788560222714, 0.08224177296409668, 0.06605345297370846, -0.1097613789250953, -0.17436121695187423, 0.06740740531174472, 0.053456543643822685, 0.039412889136644536, 0.06301428503928674, 0.05688745729674194]
[0.005651121215939303, -0.1765536048333728, 0.06613321410796918, -0.020671158651839994, 0.05895769880683427, 0.009294932874945927, 0.08121129227894519, 0.07924718062223757, -0.05925567277846644, 0.008264418035937249]
[-0.0738060313010045, 0.020799584613395428, -0.0027716691656165526, -0.0708041098303962, 0.024059573293197634, 0.05868205226543671, -0.02263415344308195, 0.028807156693182845, 0.034077626362708724, -0.04971550299851302]
[0.07741562667887009, 0.09468535502067948, 0.08587308718062092, 0.08544080990635844, -0.18790598789867707, 0.04185169582873932, -0.017922945852873573, -0.05126313677064975, 0.08789399955196586, -0.12369291677361338]
[-0.0871376409098592, 0.05608280435243229, 0.053413189869671196, -0.05644906034954966, 0.0627025464882609, 0.06324533273001859, 0.027360655222199715, 0.010176229345750742, -0.14998625703227997, 0.010280859416090804]
[0.14123947457305402, -0.2311856175570507, 0.14403736949173707, 0.1464840754864128, 0.1151969095400624, 0.10076246861721655, 0.14114937062563937, -0.2151412079099735, -0.04884247836952693, 0.08074277518591594]
[0.11239755198601514, 0.11174767328726187, 0.0903501125188878, 0.07339074871297352, -2.3472480925823547e-05, 0.04917923523223727, -0.04396846201251914, 0.08535636570688238, -0.23299040340530075, -0.06162368500466442]
[0.07509320270062986, 0.05220168154637245, 0.03158619164382431, -0.11543667623719678, 0.06054950043149315, -0.04831184821570156, 0.06938929596260829, -0.10013496857303394, 0.03286268580540436, -0.030331920059481376]
[-0.09178509157030301, 0.04007214902009898, -0.07048617923217648, 0.10540250793340133, 0.005176586425462482, -0.18578941748155064, 0.13846544354698176, -0.01668210264461578, 0.14150106585333622, 0.11914876236695338]
[0.11727313355093683, 0.11644531515950801, 0.0377264235526652, 0.08848567138526098, -0.04746050140216296, 0.1035555841472578, -0.23934230728678751, -0.11986082589675395, 0.10481428363991607, 0.04575175874974702]
[-0.033364444661822534, 0.050166969710300324, 0.01430835672330999, 0.05539795080744042, -0.2554639288057976, 0.0020161197062857905, 0.0845739762292661, 0.03261067581389354, 0.0863094741376137, 0.06420007241130421]
[0.12234816050487646, -0.14890289109342492, 0.016932685427803407, -0.13438707953641837, 0.12276516388443626, -0.031063322257610215, 0.07791962109654782, -0.005816292356650377, 0.05671482603863759, 0.034065047890508515]
[0.0464538346452798, 0.08418538144795051, 0.07632355643054545, 0.06858965141351481, 0.09118008732059191, -0.05781495070765463, -0.18839301982884638, 0.07062941326534344, 0.03455213506954674, -0.11610860631233022]
[-0.16334127988619918, 0.11610958080036193, 0.09079138856166524, 0.10027831486472022, -0.28199290351017414, 0.1321064683282836, 0.08723815395121942, 0.10175648847387181, 0.0072309246059955035, 0.13123232190473377]
[0.0851116509929965, 0.06462509986341936, 0.06948168615239303, 0.05349647879881597, -0.23289671930439027, 0.07467114680938397, -0.007359633645011243, 0.07502208079920503, 0.058051900311376414, -0.10461188979299163]
[-0.07709243866425664, 0.14404251848459992, -0.0284707533781956, 0.12816558029274233, 0.13087171341887782, 0.11320010880843584, 0.14383603086455682, -0.07994482975013206, -0.24253887099081617, -0.010047759272256651]
[0.14318732142665902, 0.1480414083617912, -0.046138748306199684, 0.14405654943791552, 0.12747460853255982, -0.19215874617961826, 0.12237834932045744, 0.07858725531372007, -0.2186759317599447, 0.061449938491969225]
[-0.07524819820523199, -0.046899318991836414, -0.14941974672469993, 0.10151287382148444, 0.011562086166327146, 0.011864022320815681, 0.09905848847874915, 0.04660909665270724, 0.007219885403850268, 0.05117534843804139]
[0.08580178582155995, 0.09290590433091128, 0.0823479120766693, -0.3044800333681219, 0.0205899876588565, 0.055009673514676116, 0.07765470722787604, 0.0996185397622179, -0.024057656318498766, -0.027297474806497468]
[0.06357130540408701, 0.02410716928080575, -0.1009738474232551, -0.14574495187547531, 0.0353520201778868, 0.04042862129450803, -0.10618173022279165, 0.06249406822536818, 0.06911408422287646, 0.060878933354768294]
********************
2024.07.11-21:41:48
grad, Both, [0, 1]
[-0.18410085098763707, -0.19729677493817055, 0.02103407629827342, 0.0035851979420519764, 0.07574689325103828, 0.026118827042074466, 0.05916391479686023, 0.04167255820832616, 0.061602389950491165, 0.07252738999737735]
[-0.18748215186503814, -0.1836793593937387, 0.048250016708047516, 0.09310164897813661, 0.057380290638670006, 0.08528103387537483, 0.05563161280740592, 0.0950788476533479, 0.02226129647369457, -0.06788509549313582]
[-0.18578941748155064, -0.20377297921672832, 0.05645128837332697, -0.06265931876116615, 0.07908440107241682, 0.0849960461861497, 0.07925204828016391, 0.06029161442673697, 0.06077333634591109, 0.07558995863333934]
[-0.18663526304471678, -0.19472301059940111, 0.0973859670774398, 0.10369258066553821, 0.09865838776592428, 0.049384159447972975, 0.11230778373480194, -0.08939615250813782, 0.08681509506417551, 0.0031346533883608307]
[-0.19988007439060473, -0.18283715512038523, 0.10150117013921661, -0.049605550056129766, 0.10664811247174216, 0.10862656106247265, 0.07845171824972741, 0.10449320381812705, -0.03802098302131962, 0.09312867547265657]
[-0.2280379285978562, -0.18410085098763707, 0.0886139225129462, 0.11476815506600851, 0.08149266352188378, 0.11381886508378747, 0.06352452467826797, 0.08119139622003824, 0.0430320948498113, -0.017134406042067063]
[-0.20290602221060683, -0.1832581274913223, 0.08071230127719964, 0.12533367041807902, 0.10184538966411705, 0.12380997255351528, 0.0754564759756719, -0.07831318947593813, 0.055766586665810636, -0.001200046236943919]
[-0.21206258870528483, -0.18536688551972713, 0.033317096101721566, 0.12967698992371873, 0.12852205115962162, 0.0109075372839752, 0.0973864200488932, 0.08732297669779737, -0.020777168672646118, 0.05528328585373704]
[-0.1849446138903822, -0.2266930705696233, 0.11345966690847409, 0.07051147292796622, -0.0054962598146029995, 0.0456256307525737, 0.08276271454875134, 0.050984067067080974, 0.11513052022350567, 0.06130364702092522]
[-0.1934396930942237, -0.18452260243311835, 0.018700283958644537, -0.030337282566656243, 0.05954485749622185, 0.0948311865950236, 0.05021666631699728, 0.03634726079198308, 0.09815093766254812, 0.04903362439288622]
[-0.1904544969779315, -0.18452260243311835, 0.12867713546314996, -0.08284339485132886, -0.06132094648748154, 0.10197177589540535, 0.10595291507673604, 0.05993956182223792, 0.11673241370668519, 0.12236331731770705]
[-0.1832581274913223, -0.20377297921672832, 0.09784260287509233, 0.09664583369475593, 0.018903284991221625, 0.12041068866776411, -0.10005009676223708, 0.024788028796479455, 0.12789864119178562, 0.1143180210367698]
[-0.1862122099363488, -0.19386720198051477, -0.056349594396143066, 0.10708586058283137, 0.06150514929492362, 0.03815457688775059, 0.009216403343380808, 0.030677187741711853, 0.0958923889903398, 0.1130668692679167]
[-0.18283715512038523, -0.2186759317599447, 0.11983494469067185, 0.12113671157517825, 0.11663025387525855, -0.0025510764658164264, 0.12000215908958045, 0.12812421346538871, -0.06397191451834394, 0.04695872404102819]
[-0.1832581274913223, -0.21206258870528483, 0.059038925094397954, 0.04315907039782946, 0.0845131574712979, 0.12340371053511151, 0.11033479446742489, 0.07909009362524555, 0.11332675231526779, -0.07056973933043065]
[-0.1836793593937387, -0.20204013318304181, 0.11255358448322211, 0.14103756242038096, 0.13002464105296896, -0.08652160112957052, -0.04547015607825966, 0.13019636329621576, 0.059021608277726956, 0.1408162603613291]
[-0.2545332952559287, -0.17864167051226476, 0.10072504155210948, 0.08007124506647606, 0.07231051138821903, 0.03732585690339546, 0.0993998751828038, 0.10576032707590466, 0.11040951341390493, 0.02261288905965264]
[-0.2107472409034623, -0.1832581274913223, 0.12185512486850658, -0.08355523546545984, 0.05629079474035681, 0.1044540691178828, 0.12240374570671675, 0.05655808020317826, 0.07371011893815338, 0.06221542613915493]
********************
2024.07.11-21:45:07
grad, Both, [0, 1]
[-0.21426024672096367, -0.1849446138903822, 0.11108027439438606, 0.060243610118158764, 0.09948709227651154, -0.006313846009103008, 0.054075953849713476, 0.03216051673564785, 0.11989729440639285, 0.0060247475327686595]
[-0.2173483675513237, -0.18283715512038523, 0.13013715703192247, 0.11718781518963117, 0.12922816599607378, 0.04217432403719812, 0.14008402396502867, -0.05146480288696764, 0.14008402396502867, -0.032504543120879914]
[-0.18410085098763707, -0.1836793593937387, 0.1393549749894918, -0.09216041007338938, 0.14771502643015239, 0.13377403964784496, -0.1020416534095252, 0.05572969869447664, 0.14577177847501582, 0.10620444150679453]
[-0.22714108032212021, -0.18410085098763707, 0.06061244204445909, 0.013300112366183392, 0.015058000006892336, 0.09272598768760781, 0.03559367744332331, 0.11919925827168343, 0.053400746960066525, 0.11575202393679179]
[-0.19686715300645596, -0.18705857696734884, 0.07746739039887307, 0.002782300035236829, 0.07285648785769405, 0.049783449679858316, 0.09152518212246175, -0.006938328261671289, 0.06698432467931104, 0.0125454704590926]
[-0.19386720198051477, -0.1849446138903822, 0.1181690937634623, 0.08093697452996929, 0.07690567929664399, 0.1181690937634623, 0.05447567161302813, 0.06608459739915468, 0.016021526148810472, -0.08649432623650577]
[-0.20725151339583525, -0.18578941748155064, 0.0828127373656854, 0.05078412221218476, 0.06911476549054951, 0.06824511833675084, -0.008686317604427618, 0.05133749789441483, 0.031087469337598872, 0.08134918269618224]
[-0.18283715512038523, -0.2151412079099735, 0.1293433078030033, 0.13608372825780718, -0.0034009116064648293, 0.09293832957924492, 0.019630366857394388, 0.10925672456891156, -0.04290218125287848, 0.12080185387826298]
[-0.1862122099363488, -0.20638027128689418, 0.07828190246489641, 0.03783272743577143, 0.06352055915856747, 0.10045959548681288, 0.0064498523570605815, 0.10179072418177426, -0.019928092082723392, 0.053955569313228646]
[-0.1862122099363488, -0.19130609640182117, 0.05671076681119919, -0.10303787473457393, 0.10383403258057416, 0.10133543301110687, 0.12449642704312691, 0.10674981570459185, -0.036777593964395505, 0.1251900708422814]
[-0.18410085098763707, -0.2133803707618469, 0.1191713812818167, 0.14769329405130832, 0.13801073213532972, 0.1504058571834166, 0.11022195065435281, -0.09718664722611892, 0.11888788836791825, -0.047301471257961136]
[-0.19643779577552722, -0.1862122099363488, 0.1146139946314082, 0.10448577735306341, 0.02931810462911627, 0.09615712017027706, 0.08943494543993213, -0.007142438629399672, -0.07501492505355245, 0.08824310541548325]
[-0.20290602221060683, -0.1832581274913223, 0.042629247133519454, 0.08629565652658644, 0.021379852167357438, 0.09036402213753575, 0.06380218788056757, 0.09714073183382843, -0.01801554176759934, 0.06300879444140112]
[-0.18241644212102393, -0.26060296885903966, 0.09615953192740279, 0.01008768171043739, 0.10146984636238487, 0.10213469113182294, 0.08356540140363916, 0.038139445256200166, 0.11721963614713105, 0.118003719977682]
[-0.18578941748155064, -0.2559296759299574, 0.14647680662279056, 0.13646606140269713, 0.14001480241695363, 0.018840969046779232, 0.1463761729679089, 0.1031291025150266, -0.06473613481171958, 0.14481266692959066]
[-0.1862122099363488, -0.20117531081842233, -0.010988130549515529, 0.043676988764368374, 0.11477604992314117, 0.022567967550692625, 0.11933733885363562, -0.042771056180120226, 0.11316367901192365, 0.11863453877779712]
[-0.21911899890803366, -0.1849446138903822, 0.07418382589711581, 0.07307198192840647, 0.08970257038827473, 0.016473530667128644, 0.08708111539519775, 0.03805100868528272, 0.05959297035277977, 0.031345082807005376]
[-0.2379765674008425, -0.18115585775483278, -0.10293525559734196, 0.14893136501746163, 0.1338977887128282, 0.08691662236171399, 0.13485719737413798, 0.10360887975482247, 0.15328214296272408, 0.06540745247571611]
[-0.18578941748155064, -0.18452260243311835, 0.08802096254464337, 0.13414688425941518, 0.12966862798433154, -0.06571899508477919, 0.133010573291178, 0.06700801466430012, 0.13569317727365954, -0.101270516623999]
********************
2024.07.11-21:53:55
grad, Both, [0, 1]
[-0.18578941748155064, -0.2055101024352003, -0.028137519000033695, 0.1278181183180102, 0.1291140708922106, 0.0169033302120572, 0.09688122896583529, 0.1194649161563372, -0.05030542018938278, 0.13176228784836286]
[-0.1832581274913223, -0.2055101024352003, 0.056656855725219446, 0.13514763369410587, 0.004803759062138313, 0.12361876279090006, 0.13152863529693032, -0.05446444163269315, 0.05003214419395546, 0.07046655386565925]
[-0.1849446138903822, -0.1985872305704246, 0.05170215727834215, 0.07420130632913313, 0.04218918070292327, 0.0814827146486592, 0.045917801600382724, 0.08069863200309224, 0.08411079013071121, -0.050767873596404334]
********************
2024.07.11-21:54:42
grad, Both, [0, 1]
[-0.1836793593937387, -0.21646468742798242, -0.005327702714660987, 0.04992068969482705, 0.11843595091302056, 0.10513983628343382, 0.015649823598664736, 0.07354197935745471, 0.043156677785599284, 0.1034504636698928]
[-0.21558209588390864, -0.18283715512038523, 0.07333894773515054, 0.10276566967785916, 0.12704522481719244, 0.12665670435645304, -0.09554532513558411, 0.11433652049192583, 0.04480147872659773, 0.07398802322040049]
[-0.18283715512038523, -0.20117531081842233, 0.08662987265892158, 0.06009463875698495, 0.08134126058892321, -0.014584093632056705, -0.012360403374508944, 0.08123481867001803, 0.09359703447455292, 0.07944127139823953]
[-0.1977266617338601, -0.18410085098763707, 0.08910885785035094, 0.010008736050490019, 0.09480641570707837, 0.04922526401804361, -0.08519183035536715, 0.11104493092722806, 0.08937160469513905, 0.08997613883419947]
[-0.18452260243311835, -0.24208137427550935, 0.056348844778114526, 0.14968594856593587, 0.12323368438012428, 0.0017626967631327317, 0.13863226915024313, 0.06041996760057078, -0.004896143426529886, 0.1505659736151979]
[-0.18536688551972713, -0.18578941748155064, 0.09854513779810764, 0.06523000197878537, 0.06628471906004535, 0.0066960067524757805, 0.011106180195189108, -0.03623850987706534, 0.10243565140061195, 0.03480677630237489]
[-0.20464100551864006, -0.18748215186503814, 0.02787929617566759, 0.05029093795851003, 0.09161088072965057, 0.09081599174615779, 0.03668499269271197, 0.06755911682978255, 0.024393929420258254, 0.02463496992047598]
[-0.17906005634688138, -0.24574925511254997, 0.04722083985126563, 0.14596938005134336, 0.110310893853662, 0.04651451961695535, -0.02564079786018203, 0.13178794700364904, 0.09020279113507901, 0.14213301356856883]
[-0.20725151339583525, -0.18452260243311835, 0.058248390651766846, 0.026292266550258625, 0.0729227357375245, 0.07844128247533771, 0.059266903373874025, 0.05720770967874572, 0.02483819021860101, 0.04777660643789039]
[-0.18410085098763707, -0.2262453368471069, 0.09064159148759726, 0.004325965420706512, 0.09415661220757104, 0.02802258873236535, 0.0920311671544477, 0.05267530679236404, 0.06603772012981524, 0.09800643534078507]
[-0.18578941748155064, -0.2055101024352003, 0.10348423187001321, 0.1140285041994677, 0.08856423921401585, 0.05021504074702038, 0.1011091473124826, -0.0407264326038872, 0.10951517907421171, -0.0203202706455341]
[-0.1832581274913223, -0.2103093318042487, 0.09373140702568716, 0.061600389197745464, 0.0828715784538614, 0.09803371652721143, 0.027824935379246574, 0.09445391849505502, 0.022954956923714243, -0.0120274371514687]
[-0.18452260243311835, -0.19729677493817055, 0.0633115564856388, -0.0026652643489445405, 0.050171089979603456, 0.07517121617926986, 0.07782553332423897, 0.08097463619365891, 0.0811671073084197, -0.015422881263001953]
[-0.18031676210811087, -0.2357059382762663, 0.12883271923272577, 0.1355350617545072, 0.12468965116541414, -0.07756400872022884, 0.13247482657644755, -0.031081714235095648, 0.13643245571720147, 0.11921404844077643]
[-0.18115585775483278, -0.22445715885704054, 0.07776974942347747, 0.12855972702594876, 0.12810665877069016, 0.10804990661595071, 0.10341675263899619, 0.05798974888833358, -0.059820413288341756, 0.03480941025527001]
[-0.2320874543231134, -0.1832581274913223, 0.11149911520767541, 0.026095039919587226, 0.09758499084672173, 0.09555357424924454, -0.025149910717488067, 0.10385357794866096, 0.057352686865435265, 0.11416274210878014]
[-0.22893588303696466, -0.18578941748155064, 0.09214562164882545, 0.09311050125395282, -0.0432211832763294, 0.07114609551381634, 0.09461235486826958, 0.06782096212114747, 0.07378242622746417, 0.09648499410507633]
********************
2024.07.11-21:57:34
grad, Both, [0, 1]
[-0.19258546535601195, -0.1832581274913223, 0.06252548638017091, 0.1216974361767012, -0.06025982760111559, 0.09971958655169949, -0.054208099262087917, 0.10075507012386986, 0.12026366014690193, 0.1237778739611608]
[-0.1794787001183653, -0.19988007439060473, 0.05017532777145384, 0.1351687705268842, 0.0714966517034924, 0.07721879108799168, -0.014423608428718482, 0.13272558781413002, -0.05421906432629853, 0.12175161996882189]
[-0.1862122099363488, -0.19386720198051477, 0.10569837421710848, 0.022127592616049685, 0.12286078324071575, 0.06386266120480438, 0.08456302742078203, 0.052498993030723196, -0.10324416997049035, 0.12151390664690687]
[-0.1862122099363488, -0.19815681355681458, -0.006232301179950328, 0.11055253005173532, 0.09928933923140065, 0.011707821109026628, -0.040285922238622485, 0.10339554189733624, 0.049199232286434136, 0.11451843979891418]
[-0.22758936627477167, -0.18199598833343278, 0.00985062741233661, 0.10577650380869191, 0.08808399132227412, 0.10510276641956617, 0.0207221546410436, 0.06637253543398441, 0.09020789900402698, 0.06803036669562929]
[-0.1807361806447052, -0.23479964400741882, 0.02961466781814437, 0.08335210361981149, 0.10068715542847073, -0.04295347371363245, 0.09130577770685089, 0.11658244348212832, 0.09663621199726707, 0.11635285470376577]
[-0.20507542006759694, -0.18578941748155064, 0.1094952422496337, 0.05599056763012483, 0.12408748138021092, 0.1089778291942669, 0.03268113593749161, 0.010328004444896455, 0.044494991711457044, -0.030179263605415896]
[-0.18578941748155064, -0.23073511586430362, -0.015842819549551024, 0.08929013005346237, 0.09156795259419842, 0.11818715445505207, 0.06239153940533704, 0.0019334285523371353, 0.11625092327615255, 0.09766180687106446]
[-0.20333936713405898, -0.1832581274913223, -0.04753157200341418, 0.06850392497255836, 0.07277732469598236, 0.08957454703717938, 0.03219010676746353, 0.0923997030760923, 0.05592259066398436, 0.0651596332080962]
[-0.1794787001183653, -0.23888678005409247, 0.08803511310584389, 0.05808529755243719, 0.00427262124183142, 0.020112714151977296, 0.12951045641259096, 0.11374220155318854, 0.12406692175282485, 0.06243064713268898]
[-0.1836793593937387, -0.22848676746175767, 0.10081340290457186, 0.1091285412459152, 0.1275140719826668, 0.03247662139850671, -0.06453013867226343, 0.1150653075690562, 0.05852767025760158, 0.1298512899020564]
[-0.18578941748155064, -0.24345471074205127, 0.004814797786997949, 0.10413815130337356, -0.025495462135327274, 0.09130177774051867, 0.11919061854105767, 0.1348030288807997, 0.13357173634746788, 0.1248772886972569]
[-0.1862122099363488, -0.19557987476377225, 0.12196196350538885, -0.05688918390925135, 0.025291132727464527, 0.12403032661600699, 0.1261457624751819, 0.1343527120833588, 0.11849673453620874, -0.07404921549766885]
[-0.1815757935979052, -0.2311856175570507, 0.12589152077798188, 0.10354765357729734, 0.13389682498948907, 0.1243858209999712, -0.08805868865077171, 0.12893331133383068, 0.025891742913363047, 0.09828518374313594]
[-0.23073511586430362, -0.18410085098763707, -0.09044638782652037, 0.04886558396437912, 0.1286167444349507, 0.1335060991993649, 0.13799789752635444, 0.12362334076340181, 0.06052925072110954, 0.12629096356776065]
[-0.18241644212102393, -0.2107472409034623, 0.004228032131264714, 0.114341565152006, 0.02048215952215776, 0.035997917655418155, 0.05169399275884046, 0.08747901145981174, 0.03753278686011524, 0.10904306360604299]
[-0.22758936627477167, -0.18199598833343278, 0.11995231440574583, 0.08926205165793666, -0.02739455638898136, -0.015911353192149758, 0.10357931760205791, 0.11432954933566458, 0.11172131807514973, 0.09740901088707882]
[-0.2240108027354879, -0.1836793593937387, 0.0069315266840473955, 0.14653405639033823, -0.06447771855439799, 0.08521153181732666, 0.11872308598492443, 0.13706150351403779, 0.14653405639033823, 0.05560920959344001]
[-0.1832581274913223, -0.2610718842259633, 0.06926877408261545, 0.08076194200003672, 0.07789471584292246, 0.048705407603937434, 0.09443011644553123, 0.09840980196154059, 0.06683023994128401, 0.06392209420908695]
[-0.18536688551972713, -0.20943432285973573, 0.11191302882227683, -0.01911168229438398, 0.019848347355715223, 0.10393753361474106, 0.08285047789205402, 0.08884048465452632, 0.00014257743071688367, 0.08138859441201701]
[-0.25221172387906954, -0.179897601985736, 0.12149612128722287, 0.12186554836122881, 0.12149612128722287, 0.09619760495019047, -0.04494237075552221, 0.01854321517831109, 0.13752489759517933, 0.13660234192086962]
[-0.1836793593937387, -0.20247294428176843, -0.02788190536062707, 0.0812246945936908, 0.07675814825958172, 0.08654390216208036, 0.09148972351677248, 0.047054386636830314, 0.04552825875964822, 0.01541433509915996]
[-0.22089400071506216, -0.1849446138903822, 0.023758677554775676, 0.11271875864231018, 0.08694940669317092, -0.03298977489227972, 0.10950179293537465, 0.084899102622643, 0.08858113299568288, 0.07752454078594706]
[-0.1836793593937387, -0.22758936627477167, 0.13011846664937932, 0.1282902555728293, 0.03876308300864839, -0.012727077131662656, 0.11671674054331121, 0.11237646182740008, -0.03127158260936902, 0.11566996119141354]
[-0.1807361806447052, -0.2280379285978562, 0.11953973652663918, 0.10366747918953079, 0.06623057784322389, -0.06142224564151921, 0.10678756818024915, 0.09256338021311278, 0.0808948138468698, 0.06462357727902418]
[-0.3154622036119974, -0.09012489583706196, 0.10935223005241507, 0.11077619953915813, 0.15538422903631788, 0.043084630351565456, 0.15804486102461107, 0.14645394651621496, -0.05523125544085172, 0.15545182198697033]
[-0.1832581274913223, -0.23706747601149458, 0.10218386483036285, 0.06006856510422587, 0.06895303861897822, 0.09951433906180562, 0.10724215075359056, 0.08689420709801077, -0.03990091218340519, 0.10349858882507945]
[-0.22714108032212021, -0.18578941748155064, -0.018162605520742336, 0.1206172779289581, 0.11169473566298582, 0.055857374481582345, 0.019810840242068195, 0.10809005862821214, 0.06861024869695581, 0.06334067410755578]
[-0.17613676328603778, -0.30596884821340464, 0.026997749009717742, 0.13076826888045007, 0.08174898697956473, 0.13392939821325228, 0.10232138058787993, 0.12450265676536887, 0.11613137251312261, 0.13057992416079545]
[-0.18031676210811087, -0.29953715120035074, -0.001007742573299053, 0.12133851212200131, 0.09538417902506768, 0.11445686904850166, 0.12028720030966966, 0.12524181642304238, 0.12501077621106, 0.11731919101997595]
[-0.3024992241069402, -0.18115585775483278, 0.113141102032078, 0.174678182579401, 0.16645757641435716, 0.0005698928436688178, 0.07485701255236504, 0.17484889534220627, 0.05772351501786771, 0.16964167472989466]
********************
2024.07.11-22:06:11
grad, Both, [0, 1]
[-0.18410085098763707, -0.19815681355681458, 0.09321169055486322, 0.08582315894744158, 0.045905157527998175, 0.09758773748504973, 0.07698425815140703, 0.04342747204512459, 0.0076875118642197315, -0.01316864601209844]
[-0.1849446138903822, -0.20638027128689418, 0.11088093538453414, 0.11369769831678395, 0.0345618759128552, 0.1074131835373261, 0.039926667829599805, 0.11163588346894338, 0.06652052207206455, -0.08578868459297595]
[-0.1862122099363488, -0.19557987476377225, 0.1304379529458955, 0.038210252944236134, 0.11252843115525246, 0.11878908873119254, 0.060287931718255416, 0.1313728742463255, -0.074544834386024, -0.011345182871908222]
[-0.2068157581015131, -0.18536688551972713, 0.006633463425603003, 0.07062692502885243, 0.10261664183049546, -0.047490884379183584, 0.1148674004088262, 0.05816722480130626, 0.06879427470991578, 0.09351247009326796]
[-0.18790598789867707, -0.18410085098763707, 0.046436390591152954, 0.07783700217300565, 0.08633721625625912, 0.08648834118221127, -0.03293918199660317, 0.036978413358120854, 0.06264863719319347, 0.02002903073729495]
[-0.18748215186503814, -0.20812383008576807, 0.010543436954317587, 0.10764203231844044, 0.06771365745506958, 0.009300614036384991, 0.10743403929025597, 0.08790228483099954, -0.014447531676194614, 0.08764176689997327]
[-0.23299040340530075, -0.18536688551972713, 0.1506941294152065, -0.03293599850546536, 0.12726434456405733, 0.043162571411543116, 0.05483406617724179, 0.15283122708126995, 0.15459687159664987, 0.001178237170931351]
[-0.19472301059940111, -0.1862122099363488, 0.10050294557185346, 0.05515243574953821, -0.09105308551790692, 0.09829497285885974, 0.09584500158309389, 0.10580862291455728, 0.030954340635653055, 0.061365469355539604]
[-0.1942949744280783, -0.1862122099363488, 0.03446328654031655, 0.07785914978374625, 0.07956721836994501, 0.0673333129901118, -0.099904886763996, 0.09313298418573207, 0.07785914978374625, 0.08650387333948883]
[-0.1862122099363488, -0.19901791293818138, 0.021531179651014365, 0.11874384368172397, 0.12435027012499167, -0.018744415402770054, -0.01160623199203481, 0.0027505644744390545, 0.10829388801230999, 0.08565377569677057]
[-0.1862122099363488, -0.19557987476377225, 0.05426318105124145, -0.012703233890129395, 0.11036068313165842, 0.10776204552196189, 0.08512733057863636, 0.09097665994415788, 0.07124875328801111, -0.07352579789566904]
[-0.2554639288057976, -0.18241644212102393, -0.0008387628840226258, 0.12691012236863153, 0.015791000214454065, 0.12199521053421292, 0.131375317470671, 0.13665188255648653, 0.04890416051400087, 0.13033136186813638]
[-0.18536688551972713, -0.20333936713405898, 0.10589926632267721, 0.0020608433002565207, 0.10873541527555458, 0.10903755212869054, 0.08517894740690929, 0.11525056407398282, 0.04107139933167886, -0.06916250451778783]
[-0.1862122099363488, -0.19386720198051477, 0.0832922684561101, -0.07543950505542096, 0.11511315727869448, 0.12733434295422236, 0.017830616021852763, 0.0979308996528282, -0.007609066856097413, 0.11995831619570124]
[-0.1832581274913223, -0.2343469156228517, 0.08389277014773, 0.09842019811030633, 0.11869893350061916, 0.1451394049039283, 0.13022714537231916, 0.1448298482791261, -0.10457437151565818, 0.05740686496799863]
[-0.1794787001183653, -0.2517482674778838, -0.0033935015722812434, 0.10957289109464785, 0.08070582577056257, 0.14214076700907013, 0.015058041857065274, 0.08075667459644215, 0.13560163298793093, 0.13368942190479677]
********************
2024.07.11-22:11:15
grad, Both, [0, 1]
[-0.1836793593937387, -0.20247294428176843, -0.0569910222591149, -0.0352757496325069, 0.12557794016523244, 0.10613204163992007, 0.020548074205657685, 0.11760624980970669, 0.1295903491629391, 0.12310118826644934]
[-0.22133843531326702, -0.18241644212102393, 0.14496650242780368, 0.014732289136140997, 0.010306793780678114, 0.1519292502509525, 0.1517689686623208, 0.13287745726214245, 0.11801588225485016, -0.07005288986482572]
[-0.19901791293818138, -0.1836793593937387, 0.09118206028020881, 0.1062650283325372, 0.13278884629573579, -0.12379276130318284, -0.019756923023700246, 0.13862535540146537, 0.11771353197565737, 0.1297766255207174]
[-0.1832581274913223, -0.20943432285973573, 0.09822994549304181, 0.11053342295369545, -0.1348362205080864, 0.09745226465502294, 0.11087677817123842, 0.08078310087340485, 0.08955448805863597, 0.07727366195627461]
[-0.18199598833343278, -0.20943432285973573, 0.07036763538074514, 0.13218084889172454, 0.11767394446082391, 0.051781689519211305, -0.12490428737352466, 0.05558664636872107, 0.13907700866720252, 0.1313302378720851]
[-0.18663526304471678, -0.18410085098763707, -0.062751750607285, 0.09269973119379482, 0.1130992386722508, 0.12055438964769682, 0.05357353747531979, 0.010173347549786327, 0.12432730466907066, -0.01678974881898132]
[-0.18536688551972713, -0.20725151339583525, 0.06951216478386352, 0.15834781200272952, 0.16247724719532947, 0.15977772637976284, -0.07637162111506512, 0.12395211582423038, -0.0885654534083633, 0.15957311459619916]
[-0.1977266617338601, -0.1832581274913223, 0.11351122578263456, 0.09364723309795508, 0.0362274401512408, 0.11492886929695773, -0.07566858295973977, 0.07846953596512563, 0.09344318309036537, 0.03469770368203123]
[-0.179897601985736, -0.19686715300645596, 0.12424709337678441, 0.02071992451649396, 0.15800457367479992, 0.1315869239205491, -0.0630876319210334, 0.15401882927856259, 0.15709316842310522, -0.0811727968166236]
********************
2024.07.11-22:19:00
grad, Both, [0, 1]
[-0.19815681355681458, -0.18410085098763707, 0.10292050592161223, 0.04094391622757321, 0.06875545767266605, 0.08625645429747342, 0.10576035131597683, 0.05998260961054458, 0.0038079824921192773, -0.030026623554961995]
[-0.18960394661404956, -0.1832581274913223, 0.09257943951563552, 0.05069317418151009, 0.0586528743699638, 0.09467055208477493, 0.09177912836204866, 0.10232410954217797, 0.08121995840703339, -0.1162520887546219]
[-0.18452260243311835, -0.18705857696734884, 0.10860133449855641, 0.12370062928839576, -0.10763374089610023, 0.12239615687138117, -0.02040820532642662, 0.0707777208600936, 0.08803163294433647, 0.09891260100052074]
[-0.20638027128689418, -0.18748215186503814, 0.02605003388643462, 0.06835063793105017, 0.08547880120083567, 0.02041264760122108, 0.07151374709683733, 0.04266565843518094, 0.038083590611520224, 0.02306547454092389]
[-0.18283715512038523, -0.1934396930942237, 0.02470904890389458, 0.10385090945916409, 0.13438985842697587, -0.10244596927270178, 0.07085915672402332, 0.003047310688598426, 0.12153056214559849, 0.13550647591358234]
********************
2024.07.11-22:20:43
grad, Both, [0, 1]
[-0.18663526304471678, -0.1862122099363488, 0.08680945566388448, 0.12135341811204237, 0.058025293705192216, -0.031589131618837585, 0.1216748179671307, 0.046072423072063384, 0.0851297429721441, -0.053964914656106866]
[-0.20464100551864006, -0.18241644212102393, 0.1341963899004346, 0.009752018527197592, 0.09130795247718737, 0.05281787746192185, 0.12223706573162085, 0.13141705961224315, 0.01612811463073066, -0.05805343189589829]
[-0.18748215186503814, -0.19088016547654407, -0.01741268336174917, 0.09891874579460669, 0.14065587189597684, -0.07737441478437812, -0.009956912658718564, 0.1234108774919469, 0.1405064574644756, 0.09742685313839328]
[-0.18536688551972713, -0.2107472409034623, 0.1377112568247576, 0.049548942980609745, 0.1370746530227503, 0.14799252961021037, -0.08186106201695231, 0.14608128278083143, 0.1026948172569711, -0.011111364278601932]
[-0.1862122099363488, -0.19944886082367708, 0.08517938329880304, 0.051548990220746826, 0.08102305969873602, 0.05197292796061931, -0.0025736529683071385, 0.08537591523087545, 0.10715904304933005, -0.053504498478642026]
[-0.18578941748155064, -0.18452260243311835, 0.08511003835487513, -0.06617130980385622, 0.08527954146562045, 0.09430845031888696, 0.09144467065610634, -0.050953838977300325, 0.07308098792102924, 0.03894825876584135]
[-0.1832581274913223, -0.22311891535635353, 0.11198498206756324, 0.054371986257514715, 0.04350962049893059, 0.08190688253563777, 0.028917010403646637, -0.01318012304594085, 0.07347629050786603, 0.11351598145633007]
[-0.19557987476377225, -0.1862122099363488, 0.11944430782354298, -0.047486214046075226, 0.10166124501160045, -0.031920561276253534, 0.06169343562788748, 0.1302618648492493, 0.017714111674760558, 0.13418241520273283]
[-0.23253878973898612, -0.18410085098763707, -0.011897815949559853, 0.06098354988411919, 0.07971132954263915, 0.0661260484497494, 0.060304178520973695, 0.08266105878258473, 0.11592198380665719, 0.10980008075690773]
[-0.23888678005409247, -0.1832581274913223, 0.1202158088200932, 0.14087765675662595, 0.13697580700450546, 0.09272874199570846, 0.11659228977735048, -0.026938010778715493, 0.13229042797123347, -0.018705202724000558]
[-0.18410085098763707, -0.19472301059940111, 0.11590177511084698, 0.12624540498529563, -7.301295629158489e-05, -0.11307834790424409, 0.02490973757535392, 0.10862730256088793, 0.1276385070223076, 0.11462463721539778]
[-0.22445715885704054, -0.18410085098763707, 0.09109085593992783, 0.08299760362136294, 0.09277069275961586, -0.024330791042963207, 0.09325357937662426, 0.09075788308120747, 0.0012680554481553363, 0.09313187746814822]
[-0.20768753733537992, -0.18536688551972713, 0.1079425061164403, 0.08705294955971571, 0.09569033393513088, 0.10624743640043866, 0.05792619232364693, 0.05798759385718749, -0.1062591852079402, 0.0785115240228833]
[-0.20464100551864006, -0.1832581274913223, -0.01910189291092823, 0.0870700094620433, 0.052627623189509865, 0.026230535041457892, 0.11013780590136352, 0.11095214445771251, 0.07422128195252786, 0.022951308934476333]
[-0.2512850966237442, -0.1794787001183653, -0.06933428311923884, 0.017631097536905505, 0.13690789874456105, 0.11543841943397226, 0.15084161690636683, 0.12524469008935613, 0.15359575515309254, 0.15865311143414557]
[-0.2068157581015131, -0.18578941748155064, -0.014098805016254823, -0.01771145076999947, 0.08059051733414857, 0.07230641712577957, 0.02555321907006436, 0.08316745096441375, 0.10990115832662672, 0.10685465346989781]
[-0.25966600467854073, -0.17906005634688138, 0.03940785625425253, 0.1301419425469244, 0.14391984224733512, 0.08524615027986132, 0.13941337951831284, -0.03211970924832219, 0.14553801119255266, 0.12004706931155201]
[-0.18241644212102393, -0.27193708800612326, 0.09721322162189522, 0.10677336382336561, 0.03133818817159251, 0.09046953805917773, 0.09857149891995864, 0.0646939258465501, 0.11049457122733825, 0.08644648546401745]
[-0.1836793593937387, -0.2781467625106048, 0.11839990662263117, 0.13781724485515157, 0.11767443453774157, 0.10608331343013133, -0.023347819877031495, 0.051940553080236374, 0.1413366157545325, 0.12565756885250723]
[-0.1832581274913223, -0.244371680080548, 0.06377347611027179, 0.03845731163514826, 0.11336422742610797, 0.031851695184826945, 0.13381079997117712, 0.1332539047994829, 0.11039630134686779, -0.00023187064196406038]
[-0.24345471074205127, -0.18283715512038523, -0.008228294068536313, 0.0978613456805168, 0.11734862409640207, 0.11288348539571125, 0.11314744667770316, 0.11488414361518978, -0.0010884028460943496, 0.1102819654383983]
[-0.2941350510083973, -0.17364110182305326, 0.15506595372374615, 0.14753364172030387, 0.04286795033393276, 0.13360617815416526, 0.15445836997399182, 0.11851459682706206, -0.01709123361828757, 0.14734729310336014]
[-0.07898727453671017, -0.32202200613193743, 0.10428149780653123, 0.09231404318588349, 0.05539025561719679, 0.09381329650346443, 0.04682598679925204, 0.0943797015517795, 0.05736084227002364, 0.09214412226116458]
[-0.17822354245559435, -0.24805088119736451, 0.037979469501737195, -0.02451974236696286, 0.14796450082772084, 0.134739380325406, 0.054227945898965346, 0.1278755560230852, 0.0975481085138149, 0.14490916501091178]
[-0.18283715512038523, -0.2781467625106048, 0.12137686062471775, 0.06680204808435819, 0.05592900967686504, 0.11981334306091718, 0.03504409451261653, 0.12482125584892384, 0.08074959888109556, 0.12463540716323429]
[-0.1769707033655148, -0.2956047208622913, 0.10622197115941445, 0.13682362336264237, 0.1250226136824636, 0.11798395654635702, 0.04794134040911757, 0.017071510656339495, 0.14852844614926425, 0.14352872620595009]
[-0.21911899890803366, -0.1815757935979052, -0.020924802770762696, 0.11014575802152632, 0.10677367762396545, -0.003222614287005099, 0.09653762427960433, 0.10677367762396545, 0.020718534650610798, 0.11922388096556935]
[-0.17780567201804665, -0.29953715120035074, 0.04985554585232238, 0.13358019955914263, 0.1369978925293744, 0.08924633978897495, 0.1422508504933997, 0.14255631022630583, 0.10724486369725922, 0.03656882860570637]
[-0.1728112633807094, -0.2980602172187199, 0.12374221363909271, 0.08061670528416753, 0.11301047393739211, 0.12113085886475483, 0.04556184476520875, 0.0995172445598565, 0.12182050625531754, 0.07796130718746863]
[-0.30746041834104576, -0.1360923827005992, 0.11537100397052957, 0.13353091035724496, 0.11111693181863685, 0.11873927710376758, 0.05979839999773073, 0.03947829714322554, 0.1318604302859523, 0.04412900110731499]
[-0.17572017856517508, -0.30895474885012175, 0.11371189317542402, 0.0298314387221269, 0.0958210684537425, 0.13714860954105068, 0.1306551079567358, 0.12036439385991171, 0.11717237292522781, 0.07404733679762565]
[-0.18536688551972713, -0.19643779577552722, 0.11875715310930729, 0.11176692670453287, 0.10752031376593951, 0.08539804345655738, 0.06592875223534927, 0.05948576771039005, -0.06339146814326202, -0.02055649799463599]
********************
2024.07.11-22:34:28
grad, Both, [0, 1]
[-0.18536688551972713, -0.1862122099363488, 0.07384791091942022, 0.10531923687993239, -0.027541743400342766, 0.04662367308568127, 0.0402565890088174, 0.10803601463658002, 0.09409234324898258, -0.03895001219383265]
[-0.18283715512038523, -0.2182331375965746, 0.12824554825086276, 0.08701038876071687, 0.04676554967384006, 0.11859736189670778, 0.11862394250661373, 0.03648569750309849, 0.08403525880379797, -0.061759098724385564]
[-0.21558209588390864, -0.18283715512038523, 0.058650966187850595, 0.11114956572798484, 0.003857462336437356, 0.11057238011588072, 0.0718584580705181, 0.029302198743855812, 0.06620780752940508, 0.032270816923511525]
[-0.1934396930942237, -0.18410085098763707, 0.09982886480427888, 0.05798153602466166, 0.10299578086039196, 0.08828812006372927, -0.051520448939472385, 0.08320234516112734, 0.08949457162890456, -0.02828515228863393]
[-0.2007432992240319, -0.18748215186503814, 0.09589239282085915, 0.11065953218477892, 0.03253724167755001, 0.04525241572625399, 0.11116942714447692, 0.09865493648321222, -0.04266582913941308, -0.010719507353653013]
[-0.18199598833343278, -0.2226733837599938, 0.06730316697125838, 0.12173010747037122, 0.07384824829880293, 0.05192722172769376, 0.12004415571302196, 0.09319928795642823, -0.057677453971404, 0.1013523973020033]
[-0.1862122099363488, -0.2298349450037761, -0.02184931643347654, 0.0673443366285637, 0.08618393020580367, 0.0014210825461069554, 0.09317642155641015, 0.09467803185492552, 0.12201448257749964, 0.11864978889685124]
[-0.1832581274913223, -0.19002909074429608, 0.060450466068561304, 0.0892641408124199, 0.08928412644568601, -0.09560392716426636, 0.06644393023556366, 0.1011635358170836, 0.02902976284777581, 0.08115500598561987]
[-0.27384246073053153, -0.179897601985736, 0.12215563494123904, 0.12246814372702725, 0.09155923076278788, 0.048597719319479926, 0.11388428629620656, 0.13001473516571638, 0.08949990895501364, 0.010606164768300785]
[-0.1832581274913223, -0.23479964400741882, 0.08312525381895614, -0.07270382021315014, 0.11906942387348374, 0.08254095380433174, 0.12061666198175985, 0.11434508828363532, 0.1230990554179327, 0.06008769754085247]
[-0.1832581274913223, -0.21162386918748943, 0.06806424884311124, 0.12269443784796008, 0.10054020139304742, 0.09642075187782645, 0.0811685366785651, -0.026826690604746184, -0.02030414140179182, 0.1248122441448109]
[-0.1934396930942237, -0.1862122099363488, 0.06766454929932408, 0.09175940060652388, 0.09352405515983186, 0.005422602690979494, 0.0754736113741874, 0.07639952995256338, -0.03868677366195228, 0.035859986872665506]
[-0.23479964400741882, -0.1794787001183653, -0.03464065715011588, 0.1449576153661563, 0.11047552925778664, 0.0921018102552969, 0.02465995474779492, 0.05616279522609702, 0.13887147917727932, 0.12857181608573243]
[-0.18031676210811087, -0.22535069681184527, 0.15031622673271938, 0.0004801317510497727, 0.1530068494597605, 0.052680894200031525, 0.15380755328102147, -0.05423671797046625, 0.061976556455117404, 0.1267693649690086]
[-0.2298349450037761, -0.18578941748155064, -0.025377431416106155, 0.07036201583758434, 0.060249313207542565, 0.05405005442752758, 0.09490597082918778, 0.10088249740244659, 0.09727614677565338, 0.09450341049785665]
[-0.20290602221060683, -0.1832581274913223, 0.0969187138460108, 0.13711450513091822, 0.14798346614296415, 0.055411145599604306, -0.07512961967343745, 0.147101740992524, -0.021349236024547413, 0.08699721479946432]
[-0.24253887099081617, -0.1815757935979052, 0.16636601245106725, 0.1721301531709209, 0.17203623286656738, -0.017026966827213053, -0.0853311176590189, 0.12453384920804933, 0.16834896929755128, 0.11575442922076412]
[-0.19386720198051477, -0.18452260243311835, 0.09812820371380165, 0.0730926241521882, 0.0969487231105508, 0.09250583219648656, 0.07459610644001258, 0.07331664398021809, -0.08252372770348615, 0.008189918974538912]
[-0.179897601985736, -0.2494352651606193, 0.1362955627073884, 0.11904023848581435, 0.12496896980966321, 0.13641036684204838, 0.10302844496601543, -0.05016475921035157, 0.09252081903308829, 0.039266020488879616]
[-0.18410085098763707, -0.2262453368471069, 0.0809665463155298, 0.12023664253769523, 0.00292564664044781, 0.0303176242692631, 0.1399843832234518, 0.1377289033099911, -0.03132951595698219, 0.11699853111500302]
[-0.1794787001183653, -0.2512850966237442, 0.05527273153348927, 0.023339390510181912, 0.11677335189736315, 0.12993717873494287, 0.027975482593036005, 0.12808760421691245, 0.11132631012950328, 0.05068366012867198]
[-0.26577696720964306, -0.18031676210811087, 0.08577829698830552, 0.10677017235731723, 0.13269386374151676, 0.06882460062716733, 0.09749403445220495, -0.009168311588851119, 0.12785100087177703, 0.11938477728849767]
[-0.2559296759299574, -0.18241644212102393, 0.1600118051721547, 0.11178241311922799, -0.008338032834816822, 0.1639038163447082, -0.008512968402570653, 0.16387755924590786, 0.04924944145709792, 0.1622797703661054]
[-0.17864167051226476, -0.2648336293344269, 0.16648939145972352, 0.10968391137580508, 0.1382375145201885, 0.14364461204039897, 0.16648939145972352, 0.1543848394720604, -0.039462733657348315, 0.004874472338048774]
[-0.17864167051226476, -0.28054837789825693, 0.10853561387369637, 0.08166678459425303, 0.11988283862799587, -0.006008667563871084, 0.12473042568288184, 0.1283624199486843, 0.07505461086913601, 0.12808633030771133]
[-0.18115585775483278, -0.28585805480613147, 0.10081217091984218, 0.04014078431491275, 0.12423241358855736, 0.0811842493482155, 0.0939544326507964, 0.1226058362390085, 0.08131670537465807, 0.098400798574596]
[-0.17738805904089605, -0.2545332952559287, 0.1458273350322728, -0.056033871544717284, 0.13307788543722682, 0.15046506422396194, 0.1537678129885136, 0.12333066332422954, 0.11577816304125704, 0.01560924364202776]
[-0.16252412948822992, -0.2882834697636434, 0.14388114316805056, 0.06950555648316875, 0.08752344827218916, -0.06461404336098608, 0.17727918203143073, 0.1767426774981991, 0.17158707375369825, 0.1800309426725955]
[-0.1832581274913223, -0.28102958970521685, 0.12898790482120376, 0.10589043321980124, 0.006722353376033219, 0.12269779151786686, 0.05276418951505146, 0.11947018331117831, 0.12070392168771532, 0.13027258844013312]
[-0.2990445364232256, -0.1769707033655148, 0.1616607707553629, 0.14456231827319427, 0.06300483592146389, 0.11502422716974475, 0.003904061474074849, 0.1618569244044351, 0.13868569503716366, 0.1005955670294037]
[-0.17738805904089605, -0.3114514477588012, 0.12280235656314259, 0.0944197033382509, 0.10549959242922924, 0.12836707244996226, 0.12633899106873936, 0.09897511701079409, 0.12260233185052954, 0.029688801460218572]
[-0.17822354245559435, -0.26577696720964306, 0.1269513626868679, 0.1151250232384281, -0.021712085894607713, 0.09340746123830473, 0.12157601049042399, 0.047399655831435517, 0.14766991633835402, 0.1465321707549167]
********************
2024.07.11-22:41:17
grad, Both, [0, 1, 2]
[-0.16826539099741777, -0.08281131933108676, -0.09772596958733348, 0.09473710072472674, 0.055574920367510106, 0.09732768144491599, -0.01366392909584857, 0.10944540265483937, -0.11160247049350702, 0.10539834961130062]
[-0.1081303309160857, -0.16785365602531255, -0.077448218911908, 0.06957112784500391, 0.05800220352482588, 0.05068118546860989, 0.053301682934201566, 0.060466209564189244, 0.024975692288190132, -0.015317745524009774]
[-0.07425407673165474, -0.16415943814900413, -0.10142121880977606, 0.05947530947868418, -0.12177391911952007, 0.08886649709891009, 0.11167954836986022, 0.008457614120627344, 0.06256136909518617, 0.1056590085950122]
[-0.1141567914263617, -0.08605305899587001, -0.15885939177127673, -0.08444321888096462, 0.08059586015511261, 0.11206679368519407, 0.004923270864842455, 0.04810167709726482, 0.10932108732330553, 0.07728554954666528]
[-0.1384721711878074, -0.07284013512181875, -0.11605228013335278, 0.006732212548514027, 0.07750962343512868, 0.048766822268952015, 0.0119357607185952, -0.04753627117186554, 0.07436974241772132, 0.04187334643356605]
[-0.18790598789867707, -0.0867758907676871, -0.07178196407831794, 0.017396491994201735, -0.1054349929743903, 0.1125154090249445, 0.09680372513295726, 0.12693342070575336, 0.12716327632851704, -0.00017449394034851906]
[-0.11986082589675395, -0.07178196407831794, -0.13533192019106988, 0.08237093990669525, 0.08442499978809109, 0.05658202266544338, -0.05950860046879969, -0.0028467507818014104, -0.0025142317090695032, 0.05572723569782284]
[-0.08497048056087142, -0.15521492547076887, -0.11453542202470435, -0.12256030103970983, 0.0031643400015075596, 0.11396020480983426, 0.10036440125892482, 0.11155032649674451, 0.06020104394367909, 0.12185465712998145]
[-0.0767368776216879, -0.06932049364977044, -0.21646468742798242, 0.030581617414849882, 0.0849783033864534, 0.11746331996223336, 0.10268295713642606, -0.06631318531539643, 0.10972186743043899, 0.05432930927025198]
[-0.14838584590438664, -0.06826882421546354, -0.10290570712366232, -0.011492634813255242, 0.09331998993817298, 0.06718712027950713, 0.0669202890697791, 0.042979110211313454, -0.10781948798297125, 0.09149667843396952]
[-0.13220711415304398, -0.08786181039377339, -0.1511891572268913, 0.11408278507462494, 0.11270257136334277, 0.08008088108868, 0.055505122067045165, -0.06838048042982814, 0.018251602361879837, 0.06708524392844745]
[-0.11757288230367668, -0.07816043756310642, -0.15078794334824663, 0.07915186046302136, -0.04941679721797532, -0.005724795567849106, 0.07472195477528087, 0.0824798749261067, 0.058892590638959685, 0.05341370411776297]
[-0.07709243866425664, -0.17447196377953533, -0.08461006566023344, 0.07969132218499275, 0.07732267685680105, -0.06511542659914737, 0.09978756735377209, 0.09899400020777982, -0.0324935625683066, 0.01034859860866466]
[-0.09698964873902349, -0.08822423001058699, -0.1769707033655148, 0.030409686261073265, 0.07153555489224239, 0.030982243239504048, 0.03304995696334495, 0.03472652938587456, 0.04447263833024967, 0.00698431842186753]
[-0.09295606769628462, -0.13337711129132446, -0.15804776247800545, 0.1158050898326965, 0.11420028657865416, 0.08977236336775152, -0.08523500756416968, 0.09116578857674229, 0.00708280363257946, 0.106881166883457]
[-0.21426024672096367, -0.07531682280233454, -0.07178196407831794, 0.10054067229410935, 0.03764018023713128, 0.08443603530177207, 0.10242009669694724, -0.06857777942679322, 0.006587423261552927, 0.09601868289507359]
[-0.1862122099363488, -0.07072574772669116, -0.0767368776216879, 0.044147358219341015, -0.03322845376955663, 0.05550760312519376, 0.02324592536924225, -0.0035246522652683243, 0.023091721596583514, 0.08145277146472074]
[-0.1904544969779315, -0.08967614419000947, -0.11038329236281452, 0.07107969069913772, 0.1069505647645016, 0.13162261233647538, 0.09286602103542674, 0.13262356699192052, 0.024330577993131375, -0.06238711139773723]
[-0.0999403856371962, -0.16661997256500138, -0.07425407673165474, 0.04067571739297465, 0.08935340230667299, 0.06822042924459099, -0.10515059385141712, 0.07406678964487279, 0.049357774255691655, 0.06023088056718806]
[-0.09003968235228321, -0.0867758907676871, -0.24620901309392973, 0.09295752814207386, 0.11666336500773333, -0.02567874100493983, 0.05287616822311508, 0.10540313836062093, 0.12459594541127722, 0.12782962853832436]
[-0.07178196407831794, -0.06791869962179364, -0.2690878217821975, 0.08554949549679297, 0.14014346205324407, 0.1414519822688592, 0.11377175613997087, 0.07375018380349324, 0.1303656050809452, -0.07796534411879252]
[-0.06371347752730583, -0.2752745760045704, -0.14678937534562153, 0.13908582607295328, 0.1675542386151045, 0.17167752692640897, 0.170215867080091, 0.1013111352933258, 0.12845313380561363, 0.029358392875468042]
[-0.16826539099741777, -0.09332162794708199, -0.08030236851052586, 0.06600831165808191, 0.0807276782460088, 0.06835988645116853, 0.000322038996882712, 0.02310653234926402, 0.007051561868805845, -0.009334849793327882]
[-0.06692144899907548, -0.2951145289535615, -0.07816043756310642, 0.11423266655207936, 0.03682245234455067, 0.022935636330856102, 0.11906888567072715, 0.11866912523410839, 0.11881344154582651, 0.12676204415449704]
[-0.06373399274223701, -0.23479964400741882, -0.06477726976885423, 0.1421582172082989, 0.017514812063389118, 0.13379419597603232, 0.0995899044092784, -0.12864084419775335, 0.13730188294289897, 0.11414280089611062]
[-0.2540684084767241, -0.11986082589675395, -0.09222562274827917, 0.1248188608198273, 0.1270519351282619, 0.13470782898580458, 0.10448538507557109, -0.007856325616353521, 0.1332653359602352, 0.11823102826330029]
[-0.07602641261165122, -0.0871376409098592, -0.17115465199664281, 0.10161020282182165, 0.032614500178143824, 0.06066968064119499, 0.09234824042411338, 0.06874963992891486, 0.05817269242673356, -0.13179460269434418]
[-0.05717117827988072, -0.30299396871553996, -0.05992510468014822, 0.09976786472202798, 0.05004844081772514, 0.08985323092304365, 0.0715255519246914, 0.04565605159016295, 0.07426488853646623, 0.10870162598484351]
[0.1353310320242202, -0.1765536048333728, -0.28199290351017414, 0.021851354281333724, 0.07150265836139635, 0.11908813850163297, 0.1181352630997815, 0.1353310320242202, 0.09493207781352259, 0.05287194570679726]
[0.03466398639525986, -0.3164679862462467, -0.13839056753919732, 0.13410075880193223, 0.02608209595713651, 0.09120317110786685, 0.09730856864119153, 0.14815801431477588, 0.14787849212674709, 0.12862229725420654]
[-0.0988321540294842, -0.1337675913087607, -0.1670309469653548, 0.062033518478063765, 0.06055083571079395, 0.03986542656852604, 0.048022691359869696, 0.07671807895059385, 0.0679616855624744, 0.030799389802569577]
[-0.09783527576201267, -0.13142831700805435, -0.3020047843228314, 0.17217341920605167, 0.17340143843625155, 0.16772535169115077, 0.17460597204683675, 0.10290400276517014, 0.0828727862992778, 0.16998470414656697]
